60 90
73
34 6 0 0
13 3 0 0
13 5 0 0
10 12 0 0
10 12 0 0
6 7 0 0
6 15 0 0
25 7 0 0
25 15 0 0
21 12 0 0
16 7 0 0
16 5 0 0
21 3 0 0
21 5 0 0
5 7 0 0
5 5 0 0
4 1 0 0
4 10 0 0
6 13 0 0
12 13 0 0
12 9 0 0
23 6 0 0
7 3 0 0
7 5 0 0
2 1 0 0
2 10 0 0
6 6 0 0
6 5 0 0
14 7 0 0
14 6 0 0
16 3 0 0
16 5 0 0
14 6 0 0
14 5 0 0
14 13 0 0
3 2 0 0
3 7 0 0
11 2 0 0
11 7 0 0
6 7 0 0
6 6 0 0
33 14 0 0
12 4 0 0
12 3 0 0
16 18 0 0
12 3 0 0
12 18 0 0
4 4 0 0
4 3 0 0
3 1 0 0
3 2 0 0
6 9 0 0
6 9 0 0
6 1 0 0
6 2 0 0
5 7 0 0
5 18 0 0
3 9 0 0
3 9 0 0
9 18 0 0
6 5 0 0
6 2 0 0
2 12 0 0
2 9 0 0
8 3 0 0
8 9 0 0
10 9 0 0
3 5 0 0
3 2 0 0
3 18 0 0
3 7 0 0
2 3 0 0
2 9 0 0
21.9 ms