60 92
73
34 6 5 43
13 3 16 0
13 5 0 54
10 12 33 80
10 12 17 62
6 7 45 0
6 15 54 33
25 7 29 28
25 15 5 74
21 12 39 48
16 7 14 36
16 5 30 75
21 3 12 89
21 5 24 23
5 7 23 4
5 5 5 49
4 1 32 74
4 10 45 18
6 13 17 49
12 13 42 35
12 9 5 65
23 6 0 3
7 3 53 0
7 5 44 13
2 1 51 0
2 10 46 75
6 6 18 23
6 5 54 28
14 7 15 29
14 6 14 11
16 3 0 0
16 5 29 0
14 6 0 59
14 5 14 17
14 13 0 12
3 2 23 49
3 7 15 22
11 2 26 49
11 7 49 21
6 7 0 28
6 6 44 7
33 14 27 60
12 4 30 35
12 3 0 89
16 18 28 5
12 3 2 9
12 18 48 74
4 4 13 54
4 3 0 65
3 1 26 3
3 2 24 60
6 9 23 51
6 9 9 25
6 1 36 74
6 2 1 26
5 7 43 85
5 18 0 36
3 9 39 39
3 9 30 80
9 18 51 3
6 5 11 49
6 2 14 9
2 12 3 77
2 9 7 25
8 3 31 40
8 9 6 34
10 9 29 51
3 5 43 80
3 2 20 9
3 18 0 71
3 7 14 58
2 3 1 68
2 9 3 68
301270.0 ms