60 92
73
34 6 11 43
13 3 3 26
13 5 33 23
10 12 25 56
10 12 10 49
6 7 28 49
6 15 0 77
25 7 35 67
25 15 35 52
21 12 14 6
16 7 0 19
16 5 23 0
21 3 39 19
21 5 39 0
5 7 2 1
5 5 35 13
4 1 2 0
4 10 16 73
6 13 6 73
12 13 48 34
12 9 36 34
23 6 37 28
7 3 7 5
7 5 28 69
2 1 56 5
2 10 8 43
6 6 22 68
6 5 33 18
14 7 0 12
14 6 6 86
16 3 6 70
16 5 4 65
14 6 46 22
14 5 9 0
14 13 46 6
3 2 18 20
3 7 25 49
11 2 22 18
11 7 35 5
6 7 40 12
6 6 0 71
33 14 3 29
12 4 2 8
12 3 34 49
16 18 32 74
12 3 4 62
12 18 48 74
4 4 16 61
4 3 15 83
3 1 6 0
3 2 45 45
6 9 21 20
6 9 27 20
6 1 10 61
6 2 16 18
5 7 16 22
5 18 20 50
3 9 20 83
3 9 20 74
9 18 23 74
6 5 46 47
6 2 52 47
2 12 0 0
2 9 2 62
8 3 52 49
8 9 0 44
10 9 0 53
3 5 12 81
3 2 45 43
3 18 0 26
3 7 13 74
2 3 7 2
2 9 0 62
300193.0 ms